IP13PROMAX 1024 6.1 129
IP13 1024 10.1 200
SAMSUNG 2048 10.1 300
IP13PROMAX 1024 6.1 1299
SAMSUNG 1024 10.1 2000
IP13 512 6.1 1099
IP11PRO 512 5.8 1249
Nokia 41 5.6 1234
Note 1035 11.1 1234
IP7 1023 6.1 1099
IP5 128 5.1 749
IP13PROMAX 1024 6.1 129
IP13 1024 10.1 200
SAMSUNG 2048 10.1 300
IP13PROMAX 1024 6.1 1299
SAMSUNG 1024 10.1 2000
IP13 512 6.1 1099
IP11PRO 512 5.8 1249
Nokia 41 5.6 1234
Note 1035 11.1 1234
IP7 1023 6.1 1099
IP5 128 5.1 749
IP13PROMAX 1024 6.1 129
IP13 1024 10.1 200
SAMSUNG 2048 10.1 300
IP13PROMAX 1024 6.1 1299
SAMSUNG 1024 10.1 2000
IP13 512 6.1 1099
IP11PRO 512 5.8 1249
Nokia 41 5.6 1234
Note 1035 11.1 1234
IP7 1023 6.1 1099
IP5 128 5.1 749