IP13PROMAX 1024 6.1 129
IP13 1024 10.1 200
SAMSUNG 2048 10.1 300
IP12PROMAX 1024 6.1 1299
SAMSUNG4 1024 10.1 2000
IP12 512 6.1 1099
IP11PRO 512 5.8 1249
Nokia 41 5.6 1234
Note 1035 11.1 1234
IP7 1023 6.1 1099
IP5 128 5.1 749
IP11PROMAX 1024 6.1 129
IP11 1024 10.1 200
SAMSUNG2 2048 10.1 300
IPXPROMAX 1024 6.1 1299
SAMSUNG5 1024 10.1 2000
IPX 512 6.1 1099
IP11SM 512 5.8 1249
Nokia1080 41 5.6 1234
NoteEdge 2035 21.1 1234
IP7PRO 1023 6.1 1099
IP5MINI 128 5.1 749
IP14PROMAX 2048 9.1 229
IP14 1024 10.1 200
SAMSUNG3 2048 10.1 300
IP15PROMAX 3096 3.1 3299
SAMSUNGEDGE 1024 10.1 2000
IP15 512 6.1 1099
IP11BATMAN 1512 5.8 1249
NokiaVT 41 5.6 1234
Note8 1035 15.6 1234
IP7MINI 1023 6.1 1099
IP5S 128 5.1 749